309,310,309,310,309,310,309,310,309,310,309,310,309,310,309,310,309,310,309,310,309,310,309,310,309,310,309,310,309,310,309,310,309,310,309,310,309,310,309,310,309,310,309,310,309,310,309,310,309,310,309,310,309,310,309,310,309,310,309,310,309,310,309,310,309,310,309,310,309,310,309,310,309,310,309,310,309,310,309,310,
293,294,293,294,293,294,293,294,293,294,293,294,293,294,293,294,293,294,293,294,293,294,293,294,293,294,293,294,293,294,293,294,293,294,293,294,293,294,293,294,293,294,293,294,293,294,293,294,293,294,293,294,293,294,293,294,293,294,293,294,293,294,293,294,293,294,293,294,293,294,293,294,293,294,293,294,293,294,293,294,
309,310,309,310,309,310,309,310,309,310,309,310,309,310,309,310,309,310,309,310,309,310,309,310,309,310,309,310,309,310,309,310,309,310,309,310,309,310,309,310,309,310,309,310,309,310,309,310,309,310,309,310,309,310,309,310,309,310,309,310,309,310,309,310,309,310,309,310,309,310,309,310,309,310,309,310,309,310,309,310,
293,294,293,294,293,294,293,294,293,294,293,294,293,294,293,294,293,294,293,294,293,294,293,294,293,294,293,294,293,294,293,294,293,294,293,294,293,294,293,294,293,294,293,294,293,294,293,294,293,294,293,294,293,294,293,294,293,294,293,294,293,294,293,294,293,294,293,294,293,294,293,294,293,294,293,294,293,294,293,294,
309,310,309,310,309,310,309,310,309,310,309,310,309,310,309,310,309,310,309,310,309,310,309,310,309,310,309,310,309,310,309,310,309,310,309,310,309,310,309,310,309,310,309,310,309,310,309,310,309,310,309,310,309,310,309,310,309,310,309,310,309,310,309,310,309,310,309,310,309,310,309,310,309,310,309,310,309,310,309,310,
293,294,293,294,293,294,293,294,293,294,293,294,293,294,293,294,293,294,293,294,293,294,293,294,293,294,293,294,293,294,293,294,293,294,293,294,293,294,293,294,293,294,293,294,293,294,293,294,293,294,293,294,293,294,293,294,293,294,293,294,293,294,293,294,293,294,293,294,293,294,293,294,293,294,293,294,293,294,293,294,
309,310,309,310,309,310,309,310,309,310,309,310,309,310,309,310,309,310,309,310,309,310,309,310,309,310,309,310,309,310,309,310,309,310,309,310,309,310,309,310,309,310,309,310,309,310,309,310,309,310,309,310,309,310,309,310,309,310,309,310,309,310,309,310,309,310,309,310,309,310,309,310,309,310,309,310,309,310,309,310,
293,294,293,294,293,294,293,294,293,294,293,294,310,309,310,309,310,309,310,309,310,309,310,309,310,309,310,309,310,309,310,309,310,309,310,309,310,309,310,309,310,309,310,309,310,309,310,309,310,309,310,309,310,309,310,309,310,309,310,309,310,309,310,309,310,309,310,309,310,309,310,309,310,309,310,309,310,309,310,308,
309,310,294,293,294,293,294,293,294,293,294,293,294,293,294,293,294,293,294,293,294,293,294,293,294,293,294,293,294,293,294,293,294,293,294,293,294,293,294,293,294,293,294,293,294,293,294,293,294,293,294,293,294,293,294,293,294,293,294,293,294,293,294,293,294,293,294,293,294,293,294,293,294,293,294,293,294,293,294,292,
293,294,310,309,310,309,310,309,310,309,310,309,310,309,310,309,310,309,310,308,307,308,307,308,307,308,307,308,307,308,307,308,307,308,307,308,307,308,307,308,307,308,307,294,293,294,293,294,293,294,293,294,293,294,293,294,293,294,293,308,307,308,307,294,293,294,293,294,293,294,293,294,293,294,293,294,293,294,293,308,
309,310,294,293,294,293,294,293,294,293,294,293,294,293,294,293,294,293,308,0,0,0,0,0,0,0,0,0,0,0,0,0,0,0,0,0,0,0,0,0,0,0,0,307,309,310,309,310,309,310,309,310,309,310,309,310,309,310,308,0,0,0,0,307,309,310,309,310,309,310,309,310,309,310,309,310,309,310,309,292,
293,294,293,308,307,308,307,308,307,294,293,294,293,294,293,308,307,308,0,0,0,0,0,0,0,0,0,0,0,0,0,0,0,0,0,0,0,0,0,0,0,248,0,291,293,294,293,294,293,294,293,294,293,294,293,294,293,294,292,0,11,11,0,291,293,294,293,294,293,294,293,294,293,294,293,294,293,294,293,308,
309,310,308,0,0,0,0,0,0,307,309,310,309,310,309,292,0,0,0,0,0,0,0,0,0,0,0,0,0,0,0,0,0,0,0,0,0,0,0,0,0,249,249,307,309,310,309,310,309,310,309,310,309,310,309,310,309,310,308,0,0,0,291,293,294,293,294,293,294,310,309,310,309,310,309,310,309,310,309,292,
293,294,292,0,0,0,0,0,0,0,307,308,307,308,307,308,0,0,0,0,0,0,0,0,0,0,0,0,0,0,0,0,0,0,0,0,0,248,248,248,0,249,249,291,293,294,293,294,293,294,293,294,293,294,293,294,293,294,292,0,0,0,307,309,310,309,310,309,310,294,293,294,293,294,293,294,293,294,293,308,
309,310,308,0,0,0,0,0,0,0,0,0,0,0,0,0,0,0,291,292,291,292,0,0,0,0,0,0,0,0,0,0,0,0,0,0,0,249,249,249,0,264,249,307,309,310,309,310,309,310,309,310,309,310,309,310,309,310,309,292,0,0,291,293,294,293,294,293,294,310,309,310,309,310,309,310,309,310,309,292,
293,294,292,0,0,0,0,0,0,0,0,0,0,0,0,0,0,291,293,294,293,308,0,0,0,0,0,0,0,0,0,0,0,0,0,0,0,249,249,249,0,0,249,291,293,294,293,294,293,294,293,294,293,294,293,294,293,294,293,308,0,0,307,309,310,309,310,309,310,294,293,294,293,294,293,294,293,294,293,308,
309,310,308,0,0,0,0,0,0,0,0,0,0,0,0,0,0,307,309,310,309,292,0,0,0,0,0,0,0,0,0,0,0,0,0,0,0,249,249,249,248,0,249,307,309,310,309,310,309,310,309,310,309,310,309,310,309,310,309,292,0,0,291,293,294,293,294,293,294,310,309,310,309,310,309,310,309,310,309,292,
293,294,292,0,0,0,0,0,0,0,0,0,0,0,0,0,0,291,293,294,293,308,0,0,0,0,0,0,0,0,0,0,0,0,0,0,0,249,249,249,249,0,249,291,293,294,293,294,293,294,293,294,293,294,293,294,293,294,293,308,0,0,307,309,310,309,310,309,310,294,293,294,293,294,293,294,293,294,293,308,
309,310,308,0,0,0,0,0,0,0,0,0,0,0,0,0,0,307,308,307,308,0,0,0,0,0,0,0,0,0,0,0,0,0,0,0,0,249,249,249,249,0,249,307,309,310,309,310,309,310,309,310,309,310,309,310,309,310,309,292,0,0,291,293,294,293,294,293,294,310,309,310,309,310,309,310,309,310,309,292,
293,294,292,0,0,0,0,0,0,0,0,0,0,0,291,292,291,292,291,292,291,292,291,292,0,0,0,0,0,0,0,0,0,0,0,0,0,264,264,249,249,0,249,291,293,294,293,294,293,294,293,294,293,294,293,294,293,294,293,308,0,0,307,309,310,309,310,309,310,294,293,294,293,294,293,294,293,294,293,308,
309,310,308,0,0,0,0,0,0,0,0,0,0,0,307,309,310,309,310,309,293,294,293,308,0,0,0,0,0,0,0,0,0,0,0,291,292,291,292,249,249,0,249,307,309,310,309,310,309,310,309,310,309,310,309,310,309,310,309,292,0,0,0,307,309,310,309,310,309,310,309,310,309,310,309,310,309,310,309,292,
293,294,292,0,0,0,0,0,0,0,0,0,291,292,291,293,294,293,294,293,309,310,309,292,0,0,0,0,0,0,0,0,0,0,291,293,294,293,308,249,249,0,249,291,293,294,293,294,293,294,293,294,293,294,310,309,293,294,293,308,0,0,0,291,293,294,293,294,293,294,293,294,293,294,293,294,293,294,293,308,
309,310,308,291,292,291,292,291,292,291,292,291,293,294,293,309,310,309,310,309,293,294,293,308,0,0,0,0,0,0,0,0,0,0,307,309,310,309,292,249,249,0,249,307,309,310,309,310,309,310,309,310,309,310,308,307,308,307,308,0,0,0,0,307,309,310,309,310,309,310,309,310,309,310,309,310,309,310,309,292,
293,294,292,307,294,293,294,293,294,293,294,310,309,310,309,293,294,293,294,293,309,310,309,292,0,0,0,0,0,0,0,0,0,0,291,293,294,293,308,249,264,0,249,291,293,294,293,294,293,294,293,294,293,294,292,0,0,0,0,0,0,0,0,291,293,294,293,294,293,294,293,294,293,294,293,294,293,294,293,308,
309,310,308,291,310,309,310,309,310,309,310,294,293,294,293,294,293,294,293,294,293,294,293,294,292,0,0,0,0,0,0,0,0,0,307,309,310,309,292,264,0,0,249,307,309,310,309,310,309,310,309,310,309,310,308,0,0,0,0,0,0,0,0,307,309,310,309,310,309,310,309,310,309,310,309,310,309,310,309,292,
293,294,292,307,294,293,294,293,294,293,294,310,309,310,309,310,309,310,309,293,294,293,294,293,294,292,0,0,0,0,0,0,0,0,291,293,294,293,308,0,0,0,264,291,293,294,293,294,293,294,293,294,293,294,292,0,0,0,0,0,0,0,0,291,293,294,293,294,293,294,293,294,293,294,293,294,293,294,293,308,
309,310,308,291,310,309,310,309,310,309,310,294,293,294,293,294,293,294,293,309,310,309,310,309,310,308,0,0,0,0,0,0,0,0,307,308,307,308,0,0,0,0,291,293,294,293,294,293,294,293,294,293,294,310,308,0,0,0,0,0,0,0,0,307,309,310,309,310,309,310,309,310,309,310,309,310,309,310,309,292,
293,294,292,307,294,293,294,293,294,293,294,310,309,310,309,310,309,310,309,293,294,293,294,293,294,292,0,0,0,0,0,0,0,0,0,0,0,0,0,0,0,0,307,309,310,309,310,309,310,309,310,309,310,308,0,0,0,0,0,0,0,291,292,291,293,294,293,294,293,294,293,294,293,294,293,294,293,294,293,308,
309,310,308,291,310,309,310,309,310,309,310,294,293,294,293,294,293,294,293,309,310,309,310,309,310,308,0,0,0,0,0,0,0,291,292,291,292,291,292,291,292,291,292,307,308,307,308,307,308,307,308,307,308,0,0,0,0,0,0,0,291,293,294,293,294,293,294,293,294,310,309,310,309,310,309,310,309,310,309,292,
307,308,291,293,294,293,294,293,294,293,294,310,309,310,309,310,309,310,309,293,294,293,294,293,294,292,0,0,0,0,0,0,0,307,309,310,309,293,294,293,294,293,294,292,0,0,0,0,0,0,0,0,0,0,0,0,0,0,0,0,307,309,310,309,310,309,310,309,310,294,293,294,293,294,293,294,293,294,293,308,
292,291,293,294,293,294,293,294,293,294,293,294,293,294,293,294,293,294,293,309,310,309,310,309,310,308,0,0,0,0,0,0,0,291,293,294,293,309,310,309,310,309,310,294,292,0,0,0,0,0,0,0,0,0,0,0,0,0,0,0,291,293,294,293,294,293,294,293,294,310,309,310,309,310,309,310,309,310,309,292,
309,310,309,310,309,310,309,310,309,310,309,310,309,310,309,310,309,310,309,293,294,293,294,293,294,292,0,0,0,0,0,0,291,293,309,310,309,293,309,293,294,293,294,293,308,0,0,0,0,0,0,0,0,0,0,0,0,0,0,0,307,309,310,309,310,309,310,309,310,294,293,294,293,294,293,294,293,294,293,308,
293,294,293,294,293,294,293,294,293,294,293,294,293,294,293,294,293,294,293,309,310,309,310,309,310,308,0,0,0,0,0,291,293,294,293,294,293,308,307,0,0,0,0,0,0,0,0,0,0,0,0,0,0,0,0,0,0,0,0,0,291,293,294,293,294,293,294,293,294,310,309,310,309,310,309,310,309,310,309,292,
309,310,309,310,309,310,309,310,309,310,309,310,309,310,309,310,309,310,309,293,294,293,294,293,294,292,0,0,0,0,0,307,309,310,309,310,309,292,0,0,0,0,0,0,0,0,0,0,0,0,0,0,0,0,0,0,0,0,0,0,307,308,307,308,307,308,307,308,307,308,307,308,307,309,293,294,293,294,293,308,
293,294,293,294,293,294,293,294,293,294,293,294,293,294,293,294,293,294,293,309,310,309,310,309,310,308,0,0,0,0,0,291,293,294,293,294,293,308,0,0,0,0,0,0,0,0,0,0,0,0,0,0,0,0,0,0,0,0,0,0,0,0,0,0,0,0,0,0,0,0,0,0,0,307,309,310,309,310,309,292,
309,310,309,310,309,310,309,310,309,310,309,310,309,310,309,310,309,310,309,293,294,293,294,293,294,292,0,0,0,0,0,307,309,310,309,310,309,292,0,0,0,0,0,0,0,0,0,0,0,0,0,0,0,0,0,0,0,0,0,0,0,0,0,0,0,0,0,0,0,0,0,0,0,291,293,294,293,294,293,308,
293,294,293,294,293,294,293,294,293,294,293,294,293,294,293,294,293,294,293,308,307,308,307,308,307,308,0,0,0,0,0,0,307,308,307,308,307,308,0,0,0,0,0,0,0,0,0,0,0,0,0,0,0,0,0,0,0,0,0,0,0,0,0,0,0,0,0,0,0,0,0,0,0,307,309,310,309,310,309,292,
309,310,309,310,309,310,309,310,309,310,309,310,309,310,309,310,309,310,309,292,0,0,0,0,0,0,0,0,0,0,0,0,0,0,0,0,0,0,0,0,0,0,0,0,0,0,0,0,0,0,0,0,0,0,0,0,0,0,0,0,0,0,0,0,0,0,0,0,0,0,0,0,0,291,293,294,293,294,293,308,
293,294,293,294,293,294,293,294,293,294,293,294,293,294,293,294,293,294,293,308,0,0,0,0,0,0,0,0,0,0,0,0,0,0,0,0,0,0,0,0,0,0,0,0,0,0,0,0,0,0,0,0,0,0,0,0,0,0,0,0,0,0,0,0,0,0,0,0,0,0,0,0,0,307,309,310,309,310,309,292,
309,310,309,310,309,310,309,310,309,310,309,310,309,310,309,310,309,310,309,292,0,0,0,0,0,0,0,0,0,0,0,0,0,0,0,0,0,0,0,0,0,0,0,0,0,0,0,0,0,0,0,0,0,0,0,0,0,0,0,0,0,0,0,0,0,0,0,0,0,0,0,0,0,291,293,294,293,294,293,308,
293,294,293,294,293,294,293,294,293,294,293,294,293,294,293,294,293,294,293,308,0,0,0,0,0,0,0,0,0,0,0,0,0,0,0,0,0,0,0,0,0,0,0,0,0,0,0,0,0,0,0,0,0,0,0,0,0,0,0,0,0,0,0,0,0,0,0,0,0,0,0,0,0,307,309,310,309,310,309,292,
309,310,309,310,309,310,309,310,309,310,309,310,309,310,309,310,309,310,309,292,0,0,0,0,0,0,0,291,292,291,292,291,292,0,0,0,0,0,0,0,0,0,0,0,0,0,0,0,0,0,0,0,0,0,0,0,0,0,0,0,0,0,0,0,0,0,0,0,0,0,0,0,0,291,293,294,293,294,293,308,
293,294,293,294,293,294,293,294,293,294,293,294,293,294,293,294,293,294,293,308,0,0,0,0,0,0,291,293,294,293,294,293,308,0,0,0,0,0,0,0,0,0,0,0,0,0,0,0,0,0,0,0,0,0,0,0,0,0,0,0,0,0,0,0,0,0,0,0,0,0,0,0,0,307,309,310,309,310,309,292,
309,310,309,310,309,310,309,310,309,310,309,310,309,310,309,310,309,310,309,292,0,0,0,0,291,292,307,309,310,309,310,309,292,0,0,0,0,0,0,0,0,0,0,0,0,0,0,0,0,0,0,0,0,0,0,0,0,0,0,0,0,0,0,0,0,0,0,0,0,0,0,0,0,291,293,294,293,294,293,308,
293,294,293,294,293,294,293,294,293,294,293,294,293,294,293,294,293,294,293,309,292,291,292,291,293,308,291,293,294,293,294,293,308,0,0,0,0,0,0,0,0,0,0,0,0,0,0,0,0,0,0,0,0,0,0,0,0,0,0,0,0,0,0,0,0,0,0,0,0,0,0,0,0,307,309,310,309,310,309,292,
309,310,309,310,309,310,309,310,309,310,309,310,309,310,309,310,309,310,309,293,294,293,294,293,294,292,307,309,310,309,310,309,292,0,0,0,0,0,0,0,0,0,0,0,0,0,0,0,0,0,0,0,0,0,0,0,0,0,0,0,0,0,0,0,0,0,0,0,0,0,0,0,0,291,293,294,293,294,293,308,
293,294,293,294,293,294,293,294,293,294,293,294,293,294,293,294,293,294,293,309,310,309,310,309,310,309,292,307,308,307,308,307,308,0,0,0,0,0,0,0,0,0,0,0,0,0,0,0,0,0,0,0,0,0,0,0,0,0,0,0,0,0,0,0,0,0,0,0,0,0,0,0,0,307,309,310,309,310,309,292,
309,310,309,310,309,310,309,310,309,310,309,310,309,310,309,310,309,310,309,293,294,293,294,293,294,293,294,292,0,0,0,0,0,0,0,0,0,0,0,0,0,0,0,0,0,0,0,0,0,0,0,0,0,0,0,0,0,0,0,0,0,0,0,0,0,0,0,0,0,0,0,0,0,291,293,294,293,294,293,308,
293,294,293,294,293,294,293,294,293,294,293,294,293,294,293,294,293,294,293,309,310,309,310,309,310,309,310,308,0,0,0,0,0,0,0,0,0,0,0,0,0,0,0,0,0,0,0,0,0,0,0,0,0,0,0,0,0,0,0,0,0,0,0,0,0,0,0,0,0,0,0,0,0,307,309,310,309,310,309,292,
309,310,309,310,309,310,309,310,309,310,309,310,309,310,309,310,309,310,309,293,294,293,294,293,294,293,308,0,0,0,0,0,0,0,0,0,0,0,0,0,0,291,292,291,292,291,292,0,0,0,0,0,0,0,0,0,0,0,0,0,0,0,0,0,0,0,0,0,0,0,0,291,292,291,293,294,293,294,293,308,
293,294,293,294,293,294,293,294,293,294,293,294,293,294,293,294,293,294,293,309,310,309,310,309,310,308,0,0,0,0,0,0,0,0,0,0,0,0,0,0,291,293,294,293,294,293,294,292,291,292,291,292,291,292,291,292,291,292,291,292,291,292,291,292,291,292,291,292,291,292,291,293,294,293,294,310,309,310,309,292,
309,310,309,310,309,310,309,310,309,310,309,310,309,310,309,310,309,310,309,293,294,293,294,293,294,292,0,0,0,0,0,0,0,0,0,0,0,0,0,0,307,309,310,309,310,309,310,309,310,309,310,309,310,309,310,309,310,309,310,309,310,309,310,309,310,309,310,309,310,309,310,309,310,309,310,294,293,294,293,308,
293,294,293,294,293,294,293,294,293,294,293,294,293,294,293,294,293,294,293,309,310,309,310,309,310,308,0,0,0,0,291,292,291,292,291,292,291,292,0,0,0,307,294,293,294,293,294,293,294,293,294,293,294,293,294,293,294,293,294,293,294,293,294,293,294,293,294,293,294,293,294,293,294,293,294,310,309,310,309,292,
309,310,309,310,309,310,309,310,309,310,309,310,309,310,309,310,309,310,309,293,294,293,294,293,294,292,0,0,0,291,293,294,293,294,293,294,293,308,0,0,0,0,307,308,307,308,307,309,310,309,310,309,310,309,310,309,310,309,310,309,310,309,310,309,310,309,310,309,310,309,310,309,310,309,310,294,293,294,293,308,
293,294,293,294,293,294,293,294,293,294,293,294,293,294,293,294,293,294,293,309,310,309,310,309,310,308,0,0,0,307,309,310,309,310,309,310,309,292,0,0,0,0,0,0,0,0,291,293,294,293,294,293,294,293,294,293,294,293,294,293,294,293,294,293,294,293,294,293,294,293,294,293,294,293,294,310,309,310,309,292,
309,310,309,310,309,310,309,310,309,310,309,310,309,310,309,310,309,310,309,293,294,293,294,293,294,292,0,0,0,291,293,294,293,294,293,294,293,308,0,0,0,0,0,0,0,0,307,309,310,309,310,309,310,309,310,309,310,309,310,309,310,309,310,309,310,309,310,309,310,309,310,309,310,309,293,294,293,294,293,308,
293,294,293,294,293,294,293,294,293,294,293,294,293,294,310,308,307,308,307,309,310,309,310,309,310,308,0,0,0,307,309,310,309,310,309,310,309,292,0,0,0,0,0,0,0,0,291,293,294,293,294,293,294,293,294,293,294,293,294,293,294,293,294,293,294,293,294,293,294,293,294,293,294,293,309,310,309,310,309,292,
309,310,309,310,309,310,309,310,309,310,309,310,309,310,308,0,0,0,0,307,308,307,308,307,308,0,0,0,0,291,293,294,293,294,293,294,293,309,292,291,292,0,0,0,0,0,307,308,307,309,310,309,310,309,310,309,310,309,310,309,310,309,310,309,310,309,310,309,310,309,310,309,310,309,293,294,293,294,293,308,
293,294,293,294,293,294,293,294,293,294,293,294,293,294,292,0,0,0,0,0,0,0,0,0,248,0,0,0,0,307,308,307,308,307,294,293,294,293,294,293,294,292,0,0,0,0,0,0,291,293,294,293,294,293,294,293,294,293,294,293,294,293,294,293,294,293,294,293,294,293,294,293,294,293,309,310,309,310,309,292,
309,310,309,310,309,310,309,310,309,310,309,310,309,310,308,0,0,0,0,0,0,0,0,0,264,0,0,0,0,0,0,0,0,0,307,309,310,309,310,309,310,308,0,0,0,0,0,0,307,309,310,309,310,309,310,309,310,309,310,309,310,309,310,309,310,309,310,309,310,309,310,309,310,309,293,294,293,294,293,308,
293,294,293,294,293,294,293,294,293,294,293,294,293,294,292,0,0,0,0,0,0,0,0,0,0,0,0,0,0,0,0,0,0,0,291,293,294,293,294,293,294,292,291,292,291,292,0,0,291,293,294,293,294,293,294,293,294,293,294,293,294,293,294,293,294,293,294,293,294,293,294,293,294,293,309,310,309,310,309,292,
309,310,309,310,309,310,309,310,309,310,309,310,309,310,308,0,0,0,0,0,0,0,0,0,0,0,0,0,0,0,0,0,0,0,307,294,293,294,293,294,293,294,293,294,293,308,0,0,307,309,310,309,310,309,310,309,310,309,310,309,310,309,310,309,310,309,310,309,310,309,310,309,310,309,293,294,293,294,293,308,
293,294,293,294,293,294,293,294,293,294,293,294,293,294,292,0,0,0,0,0,0,0,0,0,0,0,0,0,0,0,0,0,0,0,0,307,309,310,309,310,309,310,309,310,309,292,0,0,291,293,294,293,294,293,294,293,294,293,294,293,294,293,294,293,294,293,294,293,294,293,294,293,294,293,309,310,309,310,309,292,
309,310,309,310,309,310,309,310,309,310,309,310,309,310,308,0,0,0,0,0,0,0,0,0,0,0,0,0,0,0,0,0,0,0,0,291,293,294,293,294,293,294,293,294,293,308,0,0,307,309,310,309,310,309,310,309,310,309,310,309,310,309,310,309,310,309,310,309,310,309,310,309,310,309,293,294,293,294,293,308,
293,294,293,294,293,294,293,294,293,294,293,294,293,294,292,0,0,0,0,0,0,0,0,0,0,0,0,0,0,0,0,0,0,0,0,307,309,310,309,310,309,310,309,310,309,292,0,0,291,293,294,293,294,293,294,293,294,293,294,293,294,293,294,293,294,293,294,293,294,293,294,293,294,293,309,310,309,310,309,292,
309,310,309,310,309,310,309,310,309,310,309,310,309,310,308,0,0,0,0,0,0,0,0,0,0,0,0,0,0,0,0,0,0,0,0,291,293,294,293,294,293,294,293,294,293,308,0,0,307,309,310,309,310,309,310,309,310,309,310,309,310,309,310,309,310,309,310,309,310,309,310,309,293,294,293,294,293,294,293,308,
293,294,293,294,293,294,293,294,293,294,293,294,293,294,292,0,0,0,0,0,0,0,0,0,0,0,0,0,0,0,0,0,0,0,0,307,309,310,309,310,309,310,309,310,309,292,0,0,291,293,294,293,294,293,294,293,294,293,294,293,294,293,294,293,294,293,294,293,294,293,294,293,309,310,309,310,309,310,309,292,
309,310,309,310,309,310,309,310,309,310,309,310,309,310,308,0,0,0,0,0,0,0,0,0,0,248,0,0,0,0,0,0,0,0,0,291,293,294,293,294,293,294,293,294,310,294,292,291,310,309,310,309,310,309,310,309,310,309,310,309,310,309,310,309,310,309,310,309,310,309,310,309,293,294,293,294,293,294,293,308,
293,294,293,294,293,294,293,294,293,294,293,294,293,294,292,0,0,0,0,0,0,0,0,0,248,264,0,0,0,0,0,0,0,0,291,293,294,293,294,293,294,293,294,293,294,293,294,293,294,293,294,293,294,293,294,293,294,293,294,293,294,293,294,293,294,293,294,293,294,293,294,293,309,310,309,310,309,310,309,292,
309,310,309,310,309,310,309,310,309,310,309,310,309,310,308,0,0,0,0,0,0,0,0,0,264,0,0,0,0,0,0,0,0,0,307,309,310,309,310,309,310,309,310,309,310,309,310,309,310,309,310,309,310,309,310,309,310,309,310,309,310,309,310,309,310,309,310,309,310,309,310,309,293,294,293,294,293,294,293,308,
293,294,293,294,293,294,293,294,293,294,293,294,293,294,292,291,292,291,292,291,292,291,292,291,292,291,292,291,292,291,292,291,292,0,291,293,294,293,294,293,294,293,294,293,294,293,294,293,294,293,294,293,294,293,294,293,294,293,294,293,294,293,294,293,294,293,294,293,294,293,294,293,309,310,309,310,309,310,309,292,
309,310,309,310,309,310,309,310,309,310,309,293,294,293,294,293,294,293,294,293,294,293,294,293,294,293,294,293,294,293,294,293,294,292,307,309,310,309,310,309,310,309,310,309,310,309,310,309,310,309,310,309,310,309,310,309,310,309,310,309,310,309,310,309,310,309,310,309,310,309,310,309,293,294,293,294,293,294,293,308,
293,294,293,294,293,294,293,294,293,294,293,309,310,309,310,309,310,309,310,309,310,309,310,309,310,309,310,309,310,309,310,309,310,308,291,293,294,293,294,293,294,293,294,293,294,293,294,293,294,293,294,293,294,293,294,293,294,293,294,293,294,293,294,293,294,293,294,293,294,293,294,293,309,310,309,310,309,310,309,292,
309,310,309,310,309,310,309,310,309,310,309,293,294,293,294,293,294,293,294,293,294,293,294,293,294,293,294,293,294,293,294,293,294,292,307,294,293,294,293,294,293,294,293,294,293,294,293,294,293,294,293,294,293,294,293,294,293,294,293,294,293,294,293,294,293,294,293,294,293,294,293,294,293,294,293,294,293,294,293,294,
293,294,293,294,293,294,293,294,293,294,293,294,293,294,293,294,293,294,293,294,293,294,293,294,293,294,293,294,293,294,293,294,293,308,291,310,309,310,309,310,309,310,309,310,309,310,309,310,309,310,309,310,309,310,309,310,309,310,309,310,309,310,309,310,309,310,309,310,309,310,309,310,309,310,309,310,309,310,309,310,
294,293,294,293,294,293,294,293,294,293,294,293,294,293,294,293,294,293,294,293,294,293,294,293,294,293,294,293,294,293,294,293,294,292,307,294,293,294,293,294,293,294,293,294,293,294,293,294,293,294,293,294,293,294,293,294,293,294,293,294,293,294,293,294,293,294,293,294,293,294,293,294,293,294,293,294,293,294,293,294,
310,309,310,309,310,309,310,309,310,309,310,309,310,309,310,309,310,309,310,309,310,309,310,309,310,309,310,309,310,309,310,309,310,308,291,310,309,310,309,310,309,310,309,310,309,310,309,310,309,310,309,310,309,310,309,310,309,310,309,310,309,310,309,310,309,310,309,310,309,310,309,310,309,310,309,310,309,310,309,310,
294,293,294,293,294,293,294,293,294,293,294,293,294,293,294,293,294,293,294,293,294,293,294,293,294,293,294,293,294,293,294,293,294,292,307,294,293,294,293,294,293,294,293,294,293,294,293,294,293,294,293,294,293,294,293,294,293,294,293,294,293,294,293,294,293,294,293,294,293,294,293,294,293,294,293,294,293,294,293,294,
310,309,310,309,310,309,310,309,310,309,310,309,310,309,310,309,310,309,310,309,310,309,310,309,310,309,310,309,310,309,310,309,310,308,291,310,309,310,309,310,309,310,309,310,309,310,309,310,309,310,309,310,309,310,309,310,309,310,309,310,309,310,309,310,309,310,309,310,309,310,309,310,309,310,309,310,309,310,309,310,
294,293,294,293,294,293,294,293,294,293,294,293,294,293,294,293,294,293,294,293,294,293,294,293,294,293,294,293,294,293,294,293,294,292,307,294,293,294,293,294,293,294,293,294,293,294,293,294,293,294,293,294,293,294,293,294,293,294,293,294,293,294,293,294,293,294,293,294,293,294,293,294,293,294,293,294,293,294,293,294