11,11,11,11,11,11,11,11,11,11,11,11,11,11,11,11,11,11,11,11,11,11,11,11,11,11,11,11,11,11,11,11,11,11,11,11,11,11,11,11,11,11,11,11,11,11,11,11,11,11,11,11,11,11,11,11,11,11,11,11,11,11,11,11,11,11,11,11,11,11,11,11,11,11,11,11,11,11,11,11,
11,11,11,11,11,11,11,11,11,11,11,11,11,11,11,11,11,11,11,11,11,11,11,11,11,11,11,11,11,11,11,11,11,11,11,11,11,11,11,11,11,11,11,11,11,11,11,11,11,11,11,11,11,11,11,11,11,11,11,11,11,11,11,11,11,11,11,11,11,11,11,11,11,11,11,11,11,11,11,11,
11,11,11,11,11,11,11,11,11,11,11,11,11,11,11,11,11,11,11,11,11,11,11,11,11,11,11,11,11,11,11,11,11,11,11,11,11,11,11,11,11,11,11,11,11,11,11,11,11,11,11,11,11,11,11,11,11,11,11,11,11,11,11,11,11,11,11,11,11,11,11,11,11,11,11,11,11,11,11,11,
11,11,11,11,11,11,11,11,11,11,11,11,11,11,11,11,11,11,11,11,11,11,11,11,11,11,11,11,11,11,11,11,11,11,11,11,11,11,11,11,11,11,11,11,11,11,11,11,11,11,11,11,11,11,11,11,11,11,11,11,11,11,11,11,11,11,11,11,11,11,11,11,11,11,11,11,11,11,11,11,
11,11,11,11,11,11,11,11,11,11,11,11,11,11,11,11,11,11,11,11,11,11,11,11,11,11,11,11,11,11,11,11,11,11,11,11,11,11,11,11,11,11,11,11,11,11,11,11,11,11,11,11,11,11,11,11,11,11,11,11,11,11,11,11,11,11,11,11,11,11,11,11,11,11,11,11,11,11,11,11,
11,11,11,11,11,11,11,11,11,11,11,11,11,11,11,11,11,11,11,11,11,11,11,11,11,11,11,11,11,11,11,11,11,11,11,11,11,11,11,11,11,11,11,11,11,11,11,11,11,11,11,11,11,11,11,11,11,11,11,11,11,11,11,11,11,11,11,11,11,11,11,11,11,11,11,11,11,11,11,11,
11,11,11,11,11,11,11,11,11,11,11,11,11,11,11,11,11,11,11,11,11,11,11,11,11,11,11,11,11,11,11,11,11,11,11,11,11,11,11,11,11,11,11,11,11,11,11,11,11,11,11,11,11,11,11,11,11,11,11,11,11,11,11,11,11,11,11,11,11,11,11,11,11,11,11,11,11,11,11,11,
11,11,11,11,11,11,11,11,11,11,11,11,11,11,11,11,11,11,11,11,11,11,11,11,11,11,11,11,11,11,11,11,11,11,11,11,11,11,11,11,11,11,11,11,11,11,11,11,11,11,11,11,11,11,11,11,11,11,11,11,11,11,11,11,11,11,11,11,11,11,11,11,11,11,11,11,11,11,11,11,
11,11,11,11,11,11,11,11,11,11,11,11,11,11,11,11,11,11,11,11,11,11,11,11,11,11,11,11,11,11,11,11,11,11,11,11,11,11,11,11,11,11,11,11,11,11,11,11,11,11,11,11,11,11,11,11,11,11,11,11,11,11,11,11,11,11,11,11,11,11,11,11,11,11,11,11,11,11,11,11,
11,11,11,11,11,11,11,11,11,11,11,11,11,11,11,11,11,11,11,11,11,11,11,11,11,11,11,11,11,11,11,11,11,11,11,11,11,11,11,11,11,11,11,11,11,11,11,11,11,11,11,11,11,11,11,11,11,11,11,11,11,11,11,11,11,11,11,11,11,11,11,11,11,11,11,11,11,11,11,11,
11,11,11,11,11,11,11,11,11,11,11,11,11,11,11,11,11,11,11,73,11,28,29,29,29,29,29,29,29,29,29,29,29,29,29,29,29,29,30,11,11,11,11,11,11,11,11,11,11,11,11,11,11,11,11,11,11,11,11,11,11,11,11,11,11,11,11,11,11,11,11,11,11,11,11,11,11,11,11,11,
11,11,11,11,11,11,11,11,11,11,11,11,11,11,11,11,11,11,11,11,28,38,1,2,2,2,2,2,2,2,2,2,2,2,2,2,2,3,38,30,11,11,11,11,11,11,11,11,11,11,11,11,11,11,11,11,11,11,11,11,11,11,11,11,11,11,11,11,11,11,11,11,11,11,11,11,11,11,11,11,
11,11,11,11,11,11,11,11,11,11,11,11,11,11,11,11,11,11,11,28,38,1,11,11,11,11,11,11,11,11,11,11,11,11,11,11,11,73,3,38,30,11,11,11,11,11,11,11,11,11,11,11,11,11,11,11,11,11,11,11,28,30,11,11,11,11,11,11,11,11,11,11,11,11,11,11,11,11,11,11,
11,11,11,11,11,11,11,11,11,11,11,11,11,11,11,11,28,29,29,38,1,11,11,11,11,11,11,11,11,11,11,11,11,11,11,11,11,11,11,3,39,11,11,11,11,11,11,11,11,11,11,11,11,11,11,11,11,11,11,11,37,39,11,11,11,11,11,11,11,11,11,11,11,11,11,11,11,11,11,11,
11,11,11,11,11,11,11,11,11,11,11,11,11,28,29,29,38,38,38,48,11,11,11,11,11,11,11,11,11,11,11,11,11,11,11,11,11,11,11,12,39,11,11,11,11,11,11,11,11,11,11,11,11,11,11,11,11,11,11,11,37,39,11,11,11,11,11,11,11,11,11,11,11,11,11,11,11,11,11,11,
11,11,11,11,11,11,11,11,11,11,11,11,28,38,38,38,47,47,48,11,11,11,11,11,11,11,11,11,11,11,11,11,11,11,11,11,11,11,11,12,38,30,11,11,11,11,11,11,11,11,11,11,11,11,11,11,11,11,11,11,37,39,11,11,11,11,11,11,11,11,11,11,11,11,11,11,11,11,11,11,
11,11,11,11,11,11,11,11,11,11,11,11,37,38,38,39,11,11,11,11,11,11,11,11,11,11,38,11,11,11,11,11,11,11,11,11,11,11,11,11,3,39,11,11,11,11,11,11,11,11,11,11,11,11,11,11,11,11,11,11,37,39,11,11,11,11,11,11,11,11,11,11,11,11,11,11,11,11,11,11,
11,11,11,28,29,29,29,29,29,29,29,29,38,38,38,39,11,11,11,11,11,11,11,11,11,11,11,11,11,11,11,11,11,11,11,11,11,11,11,11,12,39,11,11,11,11,11,11,11,11,11,11,11,11,11,11,11,11,11,11,37,39,11,11,11,11,11,11,11,11,11,11,11,11,11,11,11,11,11,11,
11,11,11,37,38,38,38,38,38,38,38,38,38,38,38,39,11,11,11,11,11,11,11,11,11,11,11,11,11,11,11,11,11,11,11,11,11,11,11,11,12,39,11,11,11,11,11,11,11,11,11,11,11,11,11,11,11,11,11,11,37,39,11,11,11,11,11,11,11,11,11,11,11,11,11,11,11,11,11,11,
11,11,11,37,38,38,38,38,38,38,38,38,38,38,38,48,11,11,11,11,11,11,11,11,11,11,11,11,11,11,11,11,11,11,11,11,11,11,11,11,12,39,11,11,11,11,11,11,11,11,11,11,11,11,11,11,11,11,11,11,37,39,11,11,11,11,11,11,11,11,11,11,11,11,11,11,11,11,11,11,
11,11,11,37,38,38,38,38,38,38,38,38,38,38,39,11,11,11,11,11,11,11,11,11,11,11,11,11,11,11,11,11,11,11,11,11,11,11,11,11,12,39,11,11,11,11,11,11,11,11,11,11,11,11,11,11,11,11,11,11,37,39,11,11,11,11,11,11,11,11,11,11,11,11,11,11,11,11,11,11,
11,11,11,46,47,47,47,38,38,38,38,38,47,47,48,11,11,11,11,11,11,11,11,11,11,11,11,11,11,11,11,11,11,11,11,11,11,11,11,11,12,39,11,11,11,11,11,11,11,11,11,11,11,11,11,11,11,11,11,11,37,39,11,11,11,11,11,11,11,11,11,11,11,11,11,11,11,11,11,11,
11,11,11,11,11,11,11,46,47,47,47,48,11,11,11,11,11,11,11,11,11,11,11,11,11,11,11,11,11,67,11,11,11,11,11,11,11,11,11,11,12,39,11,11,11,11,11,11,11,11,11,11,11,11,11,11,11,11,11,11,37,39,11,11,11,11,11,11,11,11,11,11,11,11,11,11,11,11,11,11,
11,11,11,11,11,11,11,11,11,11,11,11,11,11,11,11,11,11,11,11,11,11,11,11,11,11,11,11,11,67,11,11,11,11,11,11,11,11,11,11,12,39,11,11,11,11,11,11,11,11,11,11,11,11,11,11,11,11,11,11,37,39,11,11,11,11,11,11,11,11,11,11,11,11,11,11,11,11,11,11,
11,11,11,11,11,11,11,11,11,11,11,11,11,11,11,11,11,11,11,11,11,11,11,11,11,28,29,29,29,29,29,29,29,30,11,11,11,11,11,11,21,39,11,11,11,11,11,11,11,11,11,11,11,11,11,11,11,11,11,11,37,39,11,11,11,11,11,11,11,11,11,11,11,11,11,11,11,11,11,11,
11,11,11,11,11,11,11,11,11,11,11,11,11,11,11,11,11,11,11,11,11,11,11,11,11,37,38,38,38,38,38,38,38,39,11,11,11,11,11,28,38,48,11,11,11,11,11,11,11,11,11,11,11,11,11,11,11,11,11,28,38,39,11,11,11,11,11,11,11,11,11,11,11,11,11,11,11,11,11,11,
11,11,11,11,11,11,11,11,11,11,11,11,11,11,11,11,11,11,11,11,11,11,11,11,11,46,38,38,38,38,38,38,38,48,11,11,11,11,11,37,39,11,11,11,11,11,11,11,11,11,11,11,11,11,11,11,11,11,28,38,38,48,11,11,11,11,11,11,11,11,11,11,11,11,11,11,11,11,11,11,
11,11,11,11,11,11,11,11,11,11,11,11,11,11,11,11,11,11,11,11,11,11,11,11,11,11,46,47,47,38,38,38,48,11,73,11,11,11,73,46,48,11,11,11,11,11,11,11,11,11,11,11,11,11,11,11,28,29,47,47,48,11,11,11,11,11,11,11,11,11,11,11,11,11,11,11,11,11,11,11,
11,11,11,11,11,11,11,11,11,11,11,11,11,11,11,11,11,11,11,11,11,11,11,11,11,11,11,11,11,37,38,39,11,11,11,11,73,11,11,11,11,11,11,11,11,11,11,11,11,11,11,11,11,11,11,28,38,48,11,11,11,11,11,11,11,11,11,11,11,11,11,11,11,11,11,11,11,11,11,11,
11,11,11,11,11,11,11,11,11,11,11,11,11,11,11,11,11,11,11,11,11,11,11,11,11,11,11,11,11,37,38,48,11,11,11,11,11,11,11,11,11,11,11,11,11,11,11,11,11,11,11,11,11,11,38,38,48,11,11,11,11,11,11,11,11,11,11,11,11,11,11,11,11,11,11,11,11,11,11,11,
11,11,11,11,11,11,11,11,11,11,11,11,11,11,11,11,11,11,11,11,11,11,11,11,11,11,11,11,11,37,39,11,11,11,11,11,11,11,11,11,11,11,11,11,11,11,11,11,11,11,11,11,11,38,38,39,11,11,11,11,11,11,11,11,11,11,11,11,11,11,11,11,11,11,11,11,11,11,11,11,
11,11,11,11,11,11,11,11,11,11,11,11,11,11,11,11,11,11,11,11,11,11,11,11,11,11,11,11,28,38,39,11,11,11,11,11,11,11,11,11,11,11,11,11,11,11,11,11,11,11,11,11,38,38,38,39,11,11,11,11,11,11,11,11,11,11,11,11,11,11,11,11,11,11,11,11,11,11,11,11,
11,11,11,11,11,11,11,11,11,11,11,11,11,11,11,11,11,11,11,11,11,11,11,11,11,11,11,11,37,38,48,11,11,11,11,11,11,11,11,11,11,11,11,11,11,11,11,11,11,11,11,38,38,38,38,38,30,11,11,11,11,11,11,11,11,11,11,11,11,11,11,11,11,11,11,11,11,11,11,11,
11,11,11,11,11,11,11,11,11,11,11,11,11,11,11,11,11,11,11,11,11,11,11,11,11,11,11,28,38,48,11,11,11,11,11,11,11,11,11,11,11,11,11,11,11,11,11,11,11,11,38,38,38,38,38,38,38,30,11,11,11,11,11,11,11,11,11,11,11,11,11,11,11,11,11,11,11,11,11,11,
11,11,11,11,11,11,11,11,11,11,11,11,11,11,11,11,11,11,11,11,11,11,11,11,11,11,11,37,39,11,73,11,11,11,11,11,11,11,11,11,11,11,11,11,11,11,38,29,29,29,38,38,38,38,38,38,38,38,30,11,11,11,11,11,11,11,11,11,11,11,11,11,11,11,11,11,11,11,11,11,
11,11,11,11,11,11,11,11,11,11,11,11,11,11,11,11,11,11,11,11,11,11,11,11,11,11,11,46,38,30,11,11,11,11,11,11,11,11,11,11,11,11,11,11,38,29,38,38,38,38,38,38,38,38,38,38,38,38,38,30,11,11,11,11,11,11,11,11,11,11,11,11,11,11,11,11,11,11,11,11,
11,11,11,11,11,11,11,11,11,11,11,11,11,11,11,11,11,11,11,11,11,11,11,11,11,11,11,11,46,38,30,11,11,11,11,11,11,11,11,11,11,11,11,11,37,38,38,38,38,38,31,32,32,32,33,38,38,38,38,38,30,11,11,11,11,11,11,11,11,28,29,30,11,11,11,11,11,11,11,11,
11,11,11,11,11,11,11,11,11,11,11,11,11,11,11,11,11,11,11,11,11,11,11,11,28,29,30,11,11,37,39,11,11,11,11,11,11,11,11,11,11,11,11,11,37,38,38,38,38,31,41,41,41,41,41,33,38,38,38,38,38,30,11,11,11,11,11,11,28,38,38,38,30,11,11,11,11,11,11,11,
11,11,11,11,11,11,11,11,11,11,11,11,11,11,11,11,11,11,11,11,11,11,11,28,38,38,38,30,11,37,38,29,29,29,29,29,30,11,11,11,11,11,11,38,38,38,38,38,31,41,41,41,41,41,41,41,33,38,38,38,38,39,11,11,11,11,11,11,37,38,38,38,39,11,11,11,11,11,11,11,
11,11,11,11,11,11,11,11,11,11,11,11,11,11,11,11,11,11,11,11,11,11,28,38,38,38,38,38,29,38,38,38,38,38,38,38,38,29,29,29,29,29,29,38,38,38,38,38,40,41,41,41,41,41,41,41,42,38,38,38,38,39,11,11,11,11,11,11,37,38,38,38,39,11,11,11,11,11,11,11,
11,11,11,11,11,11,11,11,11,11,11,11,11,11,11,11,11,11,11,11,11,28,38,38,38,38,55,38,1,2,2,2,2,2,2,3,38,38,47,47,47,47,47,38,38,38,38,38,40,41,41,41,41,41,41,41,42,38,38,31,32,39,11,11,11,11,11,11,37,38,38,38,39,11,11,11,11,11,11,11,
11,11,11,11,11,11,11,11,11,11,11,11,11,11,11,11,11,11,11,11,11,46,38,38,38,38,48,2,11,11,11,11,11,11,11,38,38,48,11,11,11,11,11,37,38,38,38,38,49,41,41,41,41,41,41,41,51,38,38,40,41,41,41,11,11,11,11,11,46,38,38,38,48,11,11,11,11,11,11,11,
11,11,11,11,11,11,11,11,11,11,11,11,11,11,11,11,11,11,11,11,11,11,46,47,47,48,11,11,11,11,11,11,11,11,11,37,39,11,11,11,11,11,11,46,38,38,38,38,38,49,41,41,41,41,41,51,38,38,38,49,50,48,11,11,11,11,11,11,11,37,38,1,11,11,11,11,11,11,11,11,
11,11,11,11,11,11,11,11,11,11,11,11,11,11,11,11,11,11,11,11,11,73,11,11,11,11,11,11,11,11,11,11,11,11,11,37,39,11,11,11,11,11,11,11,46,47,38,38,38,38,49,50,50,50,51,38,38,38,38,38,48,11,11,11,11,11,11,11,11,37,38,10,11,11,11,11,11,11,11,11,
11,11,11,11,11,11,11,11,11,11,11,11,11,11,11,11,11,11,11,11,11,11,11,11,11,11,11,11,11,11,11,11,11,11,11,37,39,11,11,11,11,11,11,11,11,11,46,38,38,38,38,38,38,38,38,38,38,38,47,48,11,11,11,11,11,11,11,11,11,46,38,10,11,11,11,11,11,11,11,11,
11,11,11,11,11,11,11,11,11,11,11,11,11,11,11,11,11,11,11,11,11,11,11,11,11,11,11,11,11,11,11,11,11,11,38,38,39,11,11,11,11,11,11,11,11,11,11,46,47,47,47,38,38,38,47,47,47,48,11,11,11,11,11,11,11,11,11,11,11,11,37,10,11,11,11,11,11,11,11,11,
11,11,11,11,11,11,11,11,11,11,11,11,11,11,11,11,11,11,11,11,11,11,11,11,11,11,11,11,11,11,11,11,11,38,38,38,38,30,11,11,11,11,11,11,11,11,11,11,11,11,11,3,38,39,11,11,11,11,11,11,11,11,11,11,11,11,11,11,11,11,37,10,11,11,11,11,11,11,11,11,
11,11,11,11,11,11,11,11,11,11,11,11,11,11,11,11,11,11,11,11,11,11,11,11,11,11,11,11,11,11,11,11,11,37,38,38,38,39,11,11,11,11,11,11,11,11,11,11,11,11,11,11,3,38,30,11,11,11,11,11,11,11,11,11,11,11,11,11,11,11,37,10,11,11,11,11,11,11,11,11,
11,11,11,11,11,11,11,11,11,11,11,11,11,11,11,11,11,11,11,11,11,11,11,11,11,11,11,11,11,11,11,38,29,38,38,38,38,39,11,11,11,11,11,11,11,11,11,11,11,11,11,11,11,3,38,30,11,11,11,11,11,11,11,11,11,11,11,11,11,38,38,10,11,11,11,11,11,11,11,11,
11,11,11,11,11,11,11,11,11,11,11,11,11,11,11,11,11,11,11,11,11,11,11,11,11,11,11,11,38,29,29,38,38,38,38,38,38,39,11,11,11,11,11,11,11,11,11,11,11,11,11,11,11,11,3,38,30,11,11,11,11,11,11,11,11,11,11,11,38,38,1,11,11,11,11,11,11,11,11,11,
11,11,11,11,11,11,11,11,11,11,11,11,11,11,11,11,11,11,11,11,11,11,11,11,11,11,11,38,38,38,38,38,48,2,2,46,38,38,30,11,11,11,11,11,11,11,11,11,11,11,11,11,11,11,11,3,38,29,29,29,29,29,29,29,29,29,29,29,38,1,11,11,11,11,11,11,11,11,11,11,
11,11,11,11,11,11,11,11,11,11,11,11,11,11,11,11,11,11,11,11,11,11,11,11,11,11,11,37,38,47,47,48,11,11,11,11,46,38,38,30,11,11,11,11,11,11,11,11,11,11,11,11,11,11,11,11,2,2,2,2,2,2,2,2,2,2,2,2,2,11,11,11,11,11,11,11,11,11,11,11,
11,11,11,11,11,11,11,11,11,11,11,11,11,11,11,11,11,11,11,11,11,11,11,11,11,11,38,38,48,11,11,11,11,11,11,11,11,46,38,38,30,11,11,11,11,11,11,11,11,11,11,11,11,11,11,11,11,11,11,11,11,11,11,11,11,11,11,11,11,11,11,11,11,11,11,11,11,11,11,11,
11,11,11,11,11,11,11,11,11,11,11,11,11,11,11,11,11,11,11,11,11,11,11,11,11,11,37,39,11,11,11,11,11,11,11,11,11,11,46,38,39,11,11,11,11,11,11,11,11,11,11,11,11,11,11,11,11,11,11,11,11,11,11,11,11,11,11,11,11,11,11,11,11,11,11,11,11,11,11,11,
11,11,11,11,11,11,11,11,11,11,11,11,11,11,11,11,11,11,11,11,11,11,11,11,11,11,37,39,11,11,11,11,11,11,11,11,11,11,11,37,38,30,11,11,11,11,11,11,11,11,11,11,11,11,11,11,11,11,11,11,11,11,11,11,11,11,11,11,11,11,11,11,11,11,11,11,11,11,11,11,
11,11,11,11,11,11,11,11,11,11,11,11,11,11,11,11,11,11,11,11,11,11,11,11,11,11,37,39,11,11,11,11,11,11,11,11,11,11,11,46,38,39,11,11,11,11,11,11,11,11,11,11,11,11,11,11,11,11,11,11,11,11,11,11,11,11,11,11,11,11,11,11,11,11,11,11,11,11,11,11,
11,11,11,11,11,11,11,11,11,11,11,11,11,11,11,11,11,11,11,11,11,11,11,11,11,11,37,39,11,11,11,11,11,11,11,11,11,11,11,11,46,47,29,29,30,11,11,11,11,11,11,11,11,11,11,11,11,11,11,11,11,11,11,11,11,11,11,11,11,11,11,11,11,11,11,11,11,11,11,11,
11,11,11,11,11,11,11,11,11,11,11,11,11,11,11,11,11,11,11,11,11,11,11,11,11,11,37,39,11,11,11,11,11,11,11,11,11,11,11,11,11,11,46,38,38,30,11,11,11,11,11,11,11,11,11,11,11,11,11,11,11,11,11,11,11,11,11,11,11,11,11,11,11,11,11,11,11,11,11,11,
11,11,11,11,11,11,11,11,11,11,11,11,11,11,11,11,11,11,11,11,11,11,11,11,11,28,38,38,30,11,11,11,11,11,11,11,11,11,11,11,11,11,11,46,47,38,30,11,11,11,11,11,11,11,11,11,11,11,11,11,11,11,11,11,11,11,11,11,11,11,11,11,11,11,11,11,11,11,11,11,
11,11,11,11,11,11,11,11,11,11,11,11,11,11,11,11,11,11,11,11,11,11,11,11,11,37,38,38,39,11,11,11,11,11,11,11,11,11,11,11,11,11,11,11,11,37,38,30,11,11,11,11,11,11,11,11,11,11,11,11,11,11,11,11,11,11,11,11,11,11,11,11,11,11,11,11,11,11,11,11,
11,11,11,11,11,11,11,11,11,11,11,11,11,11,11,11,11,11,11,11,11,11,11,11,11,37,38,38,39,11,11,11,11,11,11,11,11,11,11,11,11,11,11,11,11,46,38,39,11,11,11,11,11,11,11,11,11,11,11,11,11,11,11,11,11,11,11,11,11,11,11,11,11,11,11,11,11,11,11,11,
11,11,11,11,11,11,11,11,11,11,11,11,11,11,11,11,11,11,11,11,11,11,11,11,28,38,38,38,38,30,11,11,11,11,11,11,11,11,11,11,11,11,11,11,11,11,37,39,11,11,11,11,11,11,11,11,11,11,11,11,11,11,11,11,11,11,11,11,11,11,11,11,11,11,11,11,11,11,11,11,
11,11,11,11,11,11,11,11,11,11,11,11,11,11,11,11,11,11,11,11,11,11,11,11,37,38,38,38,38,39,11,11,11,11,11,11,11,11,11,11,11,11,11,11,11,11,37,39,11,11,11,11,11,11,11,11,11,11,11,11,11,11,11,11,11,11,11,11,11,11,11,11,11,11,11,11,11,11,11,11,
11,11,11,11,11,11,11,11,11,11,11,11,11,11,11,11,11,11,11,11,11,11,11,11,37,38,38,38,38,48,11,11,11,11,11,11,11,11,11,11,11,11,11,11,11,11,37,39,11,11,11,11,11,11,11,11,11,11,11,11,11,11,11,11,11,11,11,11,11,11,11,11,11,11,11,11,11,11,11,11,
11,11,11,11,11,11,11,11,11,11,11,11,11,11,11,11,11,11,11,11,11,11,11,11,37,38,38,38,39,11,11,11,11,11,11,11,11,11,11,11,11,11,11,11,11,11,37,39,11,11,11,11,11,11,11,11,11,11,11,11,11,11,11,11,11,11,11,11,11,11,11,11,11,11,11,11,11,11,11,11,
11,11,11,11,11,11,11,11,11,11,11,11,11,11,11,11,11,28,30,11,11,11,28,29,38,38,38,38,39,11,11,11,11,11,11,11,11,11,11,11,11,11,11,11,11,11,37,39,11,11,11,11,11,11,11,11,11,11,11,11,11,11,11,11,11,11,11,11,11,11,11,11,11,11,11,11,11,11,11,11,
11,11,11,11,11,11,11,11,11,11,11,11,11,11,11,11,11,37,38,29,29,29,38,38,38,38,38,38,39,11,11,11,11,11,11,11,11,11,11,11,11,11,11,11,11,11,37,39,11,11,11,11,11,11,11,11,11,11,11,11,11,11,11,11,11,11,11,11,11,11,11,11,11,11,11,11,11,11,11,11,
11,11,11,11,11,11,11,11,11,11,11,11,11,11,11,11,11,46,47,47,47,47,47,47,47,47,47,38,38,30,11,11,11,11,11,11,11,11,11,11,11,11,11,11,11,11,37,39,11,11,11,11,11,11,11,11,11,11,11,11,11,11,11,11,11,11,11,11,11,11,11,11,11,11,11,11,11,11,11,11,
11,11,11,11,11,11,11,11,11,11,11,11,11,11,11,11,11,11,11,11,11,11,11,11,11,11,11,46,47,38,29,29,29,30,11,11,11,11,11,11,11,11,11,11,11,11,37,39,11,11,11,11,11,11,11,11,11,11,11,11,11,11,11,11,11,11,11,11,11,11,11,11,11,11,11,11,11,11,11,11,
11,11,11,11,11,11,11,11,11,11,11,11,11,11,11,11,11,11,11,11,11,11,11,11,11,11,11,11,11,46,47,47,47,48,11,11,11,11,11,11,11,11,11,11,11,11,11,11,11,11,11,11,11,11,11,11,11,11,11,11,11,11,11,11,11,11,11,11,11,11,11,11,11,11,11,11,11,11,11,11,
11,11,11,11,11,11,11,11,11,11,11,11,11,11,11,11,11,11,11,11,11,11,11,11,11,11,11,11,11,11,11,11,11,11,11,11,11,11,11,11,11,11,11,11,11,11,11,11,11,11,11,11,11,11,11,11,11,11,11,11,11,11,11,11,11,11,11,11,11,11,11,11,11,11,11,11,11,11,11,11,
11,11,11,11,11,11,11,11,11,11,11,11,11,11,11,11,11,11,11,11,11,11,11,11,11,11,11,11,11,11,11,11,11,11,11,11,11,11,11,11,11,11,11,11,11,11,11,11,11,11,11,11,11,11,11,11,11,11,11,11,11,11,11,11,11,11,11,11,11,11,11,11,11,11,11,11,11,11,11,11,
11,11,11,11,11,11,11,11,11,11,11,11,11,11,11,11,11,11,11,11,11,11,11,11,11,11,11,11,11,11,11,11,11,11,11,11,11,11,11,11,11,11,11,11,11,11,11,11,11,11,11,11,11,11,11,11,11,11,11,11,11,11,11,11,11,11,11,11,11,11,11,11,11,11,11,11,11,11,11,11,
11,11,11,11,11,11,11,11,11,11,11,11,11,11,11,11,11,11,11,11,11,11,11,11,11,11,11,11,11,11,11,11,11,11,11,11,11,11,11,11,11,11,11,11,11,11,11,11,11,11,11,11,11,11,11,11,11,11,11,11,11,11,11,11,11,11,11,11,11,11,11,11,11,11,11,11,11,11,11,11,
11,11,11,11,11,11,11,11,11,11,11,11,11,11,11,11,11,11,11,11,11,11,11,11,11,11,11,11,11,11,11,11,11,11,11,11,11,11,11,11,11,11,11,11,11,11,11,11,11,11,11,11,11,11,11,11,11,11,11,11,11,11,11,11,11,11,11,11,11,11,11,11,11,11,11,11,11,11,11,11,
11,11,11,11,11,11,11,11,11,11,11,11,11,11,11,11,11,11,11,11,11,11,11,11,11,11,11,11,11,11,11,11,11,11,11,11,11,11,11,11,11,11,11,11,11,11,11,11,11,11,11,11,11,11,11,11,11,11,11,11,11,11,11,11,11,11,11,11,11,11,11,11,11,11,11,11,11,11,11,11,
11,11,11,11,11,11,11,11,11,11,11,11,11,11,11,11,11,11,11,11,11,11,11,11,11,11,11,11,11,11,11,11,11,11,11,11,11,11,11,11,11,11,11,11,11,11,11,11,11,11,11,11,11,11,11,11,11,11,11,11,11,11,11,11,11,11,11,11,11,11,11,11,11,11,11,11,11,11,11,11,
11,11,11,11,11,11,11,11,11,11,11,11,11,11,11,11,11,11,11,11,11,11,11,11,11,11,11,11,11,11,11,11,11,11,11,11,11,11,11,11,11,11,11,11,11,11,11,11,11,11,11,11,11,11,11,11,11,11,11,11,11,11,11,11,11,11,11,11,11,11,11,11,11,11,11,11,11,11,11,11,
11,11,11,11,11,11,11,11,11,11,11,11,11,11,11,11,11,11,11,11,11,11,11,11,11,11,11,11,11,11,11,11,11,11,11,11,11,11,11,11,11,11,11,11,11,11,11,11,11,11,11,11,11,11,11,11,11,11,11,11,11,11,11,11,11,11,11,11,11,11,11,11,11,11,11,11,11,11,11,11,
11,11,11,11,11,11,11,11,11,11,11,11,11,11,11,11,11,11,11,11,11,11,11,11,11,11,11,11,11,11,11,11,11,11,11,11,11,11,11,11,11,11,11,11,11,11,11,11,11,11,11,11,11,11,11,11,11,11,11,11,11,11,11,11,11,11,11,11,11,11,11,11,11,11,11,11,11,11,11,11