161,162,161,162,161,162,161,162,161,162,161,162,161,162,161,162,161,162,161,162,161,162,161,162,161,162,161,162,161,162,161,162,161,162,161,162,161,162,161,162,161,162,161,162,161,162,161,162,161,162,
177,178,177,178,177,178,177,178,177,178,177,178,177,178,177,178,177,178,177,178,177,178,177,178,177,178,177,178,177,178,177,178,177,178,177,178,177,178,177,178,177,178,177,178,177,178,177,178,177,178,
161,162,161,162,161,162,161,162,161,162,161,162,161,162,161,162,161,162,161,162,161,162,161,162,161,162,161,162,161,162,161,162,161,162,161,162,161,162,161,162,161,162,161,162,161,162,161,162,161,162,
177,178,177,178,177,178,177,178,177,178,177,178,177,178,177,178,177,178,177,178,177,178,177,178,177,178,177,178,177,178,177,178,177,178,177,178,177,178,177,178,177,178,177,178,177,178,177,178,177,178,
161,162,161,162,161,162,161,162,161,162,161,162,161,162,161,162,161,162,161,162,161,162,161,162,161,162,161,162,161,162,161,162,161,162,161,162,161,162,161,162,161,162,161,162,161,162,161,162,161,162,
177,178,177,178,177,178,177,178,177,178,177,178,177,178,177,178,177,178,177,178,177,178,177,178,177,178,177,178,177,178,177,178,177,178,177,178,177,178,177,178,177,178,177,178,177,178,177,178,177,178,
161,162,161,162,161,162,161,162,161,162,161,162,161,162,161,162,161,162,161,162,161,162,161,162,161,162,161,162,161,162,161,162,161,162,161,162,161,162,161,162,161,162,161,162,161,162,161,162,161,162,
177,178,177,178,177,178,177,178,177,178,177,178,177,178,177,178,177,178,177,178,177,178,177,178,177,178,177,178,177,178,177,178,177,178,177,178,177,178,177,178,177,178,177,178,177,178,177,178,177,178,
161,162,161,162,161,162,161,162,161,162,161,162,161,162,161,162,161,162,161,162,161,162,161,162,161,162,161,162,161,162,161,162,161,162,161,162,161,162,161,162,161,162,161,162,161,162,161,162,161,162,
177,178,177,178,177,178,177,178,177,178,177,178,177,178,177,178,177,178,177,178,177,178,177,178,177,178,177,178,177,178,177,178,177,178,177,178,177,178,177,178,177,178,177,178,177,178,177,178,177,178,
161,162,161,162,161,162,161,162,161,162,161,162,161,162,161,162,161,162,161,162,161,162,161,162,161,162,161,162,161,162,161,162,161,162,161,162,161,162,161,162,161,162,161,162,161,162,161,162,161,162,
176,175,176,175,176,175,176,175,176,175,176,175,176,175,176,175,176,175,176,175,176,175,176,175,176,175,176,175,176,175,176,175,176,175,176,175,176,175,176,175,176,175,176,175,176,175,176,175,176,175,
0,0,0,0,0,0,0,0,0,0,0,0,0,0,0,0,0,0,0,0,0,0,0,0,0,0,0,0,0,0,0,0,0,0,0,0,0,0,0,0,0,0,0,0,0,0,0,0,0,0,
0,0,0,0,0,0,0,0,0,0,0,0,0,0,0,0,0,0,0,0,0,0,0,0,0,0,0,0,0,0,0,0,0,0,0,0,0,0,0,0,0,0,0,0,0,0,0,0,0,0,
0,0,0,0,0,0,0,0,0,0,0,0,0,0,0,0,0,0,0,0,0,0,0,0,0,0,0,0,0,0,0,0,0,0,0,0,0,0,0,0,0,0,0,0,0,0,0,0,0,0,
159,160,159,160,159,160,159,160,159,160,159,160,159,160,159,160,159,160,159,160,159,160,0,0,0,0,0,0,159,160,159,160,159,160,159,160,159,160,159,160,159,160,159,160,159,160,159,160,159,160,
161,162,161,162,161,162,161,162,161,162,161,162,161,162,161,162,161,162,161,162,161,162,160,0,0,0,0,159,161,162,161,162,161,162,161,162,161,162,161,162,161,162,161,162,161,162,161,162,161,162,
177,178,177,178,177,178,177,178,177,178,177,178,177,178,177,161,162,161,162,161,162,161,176,0,0,0,0,175,162,161,162,161,162,161,162,161,162,161,162,161,177,178,177,178,177,178,177,178,177,178,
161,162,161,162,161,162,161,162,161,177,178,177,178,177,178,177,178,177,178,177,178,176,0,0,0,0,0,0,175,177,178,177,178,177,178,177,178,177,178,177,161,162,161,162,161,162,161,162,161,162,
177,178,177,178,177,178,177,178,177,161,162,161,162,161,162,161,162,161,162,161,176,0,0,0,0,0,0,0,0,175,162,161,162,161,162,161,162,161,162,161,177,178,177,178,177,178,177,178,177,178,
161,162,161,162,161,162,161,162,161,177,178,177,178,177,178,177,178,177,178,176,0,0,0,0,0,0,0,0,0,159,178,177,178,177,178,177,178,176,175,176,175,162,161,162,161,162,161,162,161,162,
177,178,177,178,177,178,177,178,177,161,162,161,162,161,162,161,162,161,176,0,0,0,0,0,0,0,0,0,0,175,162,161,162,161,162,161,176,0,0,0,0,0,0,0,0,0,0,178,177,178,
161,162,161,162,161,162,161,162,161,177,178,177,178,177,178,177,178,176,0,0,0,0,0,0,0,0,0,0,0,0,175,177,178,177,161,176,0,0,0,0,0,0,0,0,0,0,0,162,161,162,
177,178,177,178,177,178,177,178,177,161,162,161,162,161,162,161,176,0,0,0,0,0,0,0,0,0,0,0,0,0,0,175,176,175,176,0,0,0,0,0,0,0,0,0,0,0,0,175,177,178,
161,162,161,162,161,162,161,162,161,177,178,177,178,177,178,176,0,0,0,0,0,0,0,0,0,0,0,0,0,0,0,0,0,0,0,0,0,0,0,0,0,0,0,0,0,0,0,159,161,162,
177,178,177,178,177,178,177,178,177,161,162,161,162,161,176,0,0,0,0,0,0,0,0,0,0,0,0,0,0,0,0,0,0,0,0,0,0,0,0,0,0,0,0,0,0,0,0,175,177,178,
161,162,161,162,161,162,161,162,161,177,178,177,178,177,160,0,0,0,0,0,0,0,0,0,0,0,0,0,0,0,0,0,0,0,0,0,0,0,0,0,0,0,0,0,0,0,0,159,161,162,
177,178,177,178,177,178,177,178,177,161,162,161,162,161,176,0,0,0,0,0,0,0,0,0,0,0,0,0,0,0,0,0,0,0,0,0,0,0,0,0,0,0,0,0,0,0,159,178,177,178,
161,162,161,162,161,162,161,162,161,177,178,177,178,176,0,0,0,0,0,0,0,159,160,159,160,159,160,159,160,0,0,0,0,0,0,0,0,0,0,0,0,0,0,0,0,159,161,162,161,162,
177,178,177,178,177,178,177,178,177,161,162,161,162,160,0,0,0,0,0,0,159,161,162,161,162,161,162,161,176,0,0,0,0,0,0,0,0,0,0,0,0,0,159,160,159,178,177,178,177,178,
161,162,161,162,161,162,161,162,161,177,178,177,178,176,0,0,0,0,0,0,175,177,178,177,178,177,178,177,160,0,0,0,0,0,0,0,0,0,0,0,0,159,161,162,161,162,161,162,161,162,
177,178,177,178,177,178,177,178,177,161,162,161,162,160,0,0,0,0,0,0,159,161,162,161,162,161,162,161,162,160,0,0,0,0,0,0,0,0,0,0,0,175,177,178,177,178,177,178,177,178,
161,162,161,162,161,162,161,162,161,177,178,177,178,176,0,0,0,0,0,0,175,177,178,177,178,177,178,177,178,177,160,0,0,0,0,0,0,0,0,0,0,159,161,162,161,162,161,162,161,162,
177,178,177,178,177,178,177,178,177,161,162,161,162,160,0,0,0,0,0,0,159,161,162,161,162,161,162,161,162,161,162,160,0,0,0,0,0,0,0,0,159,178,177,178,177,178,177,178,177,178,
161,162,161,162,161,162,161,162,161,177,178,177,178,177,160,0,0,0,0,0,175,177,178,177,178,177,178,177,178,177,178,177,160,159,160,0,0,0,0,159,161,162,161,162,161,162,161,162,161,162,
177,178,177,178,177,178,177,178,177,161,162,161,162,161,162,160,0,0,0,0,0,175,162,161,162,161,162,161,162,161,162,161,162,161,162,160,159,160,159,161,177,178,177,178,177,178,177,178,177,178,
161,162,161,162,161,162,161,162,161,177,178,177,178,177,178,177,160,0,0,0,0,0,175,177,178,177,178,177,178,177,178,177,178,177,178,177,178,177,178,177,161,162,161,162,161,162,161,162,161,162,
177,178,177,178,177,178,177,178,177,161,162,161,162,161,162,161,162,160,0,0,0,0,0,175,162,161,162,161,162,161,162,161,162,161,162,161,162,161,162,161,177,178,177,178,177,178,177,178,177,178,
161,162,161,162,161,162,161,162,161,177,178,177,178,177,178,177,178,177,160,0,0,0,0,159,178,177,178,177,178,177,178,177,178,177,178,177,178,177,178,177,161,162,161,162,161,162,161,162,161,162,
177,178,177,178,177,178,177,178,177,161,162,161,162,161,162,161,162,161,162,160,0,0,0,175,162,161,162,161,162,161,162,161,162,161,162,161,162,161,162,161,177,178,177,178,177,178,177,178,177,178,
161,162,161,162,161,162,161,162,161,177,178,177,178,177,178,177,178,177,178,177,160,0,0,159,178,177,178,177,178,177,178,177,178,177,178,177,178,177,178,177,161,162,161,162,161,162,161,162,161,162,
177,178,177,178,177,178,177,178,177,161,162,161,162,161,162,161,162,161,162,161,176,0,0,175,162,161,162,161,162,161,162,161,162,161,162,161,162,161,162,161,177,178,177,178,177,178,177,178,177,178,
161,162,161,162,161,162,161,162,161,177,178,177,178,177,178,177,178,177,178,177,160,0,0,159,178,177,178,177,178,177,178,177,178,177,178,177,178,177,178,177,161,162,161,162,161,162,161,162,161,162,
177,178,177,178,177,178,177,178,177,161,162,161,162,161,162,161,162,161,162,161,176,0,159,161,162,161,162,161,162,161,162,161,162,161,162,161,162,161,162,161,177,178,177,178,177,178,177,178,177,178,
161,162,161,162,161,162,161,162,161,177,178,177,178,177,178,177,178,177,178,177,160,159,178,177,178,177,178,177,178,177,178,177,178,177,178,177,178,177,178,177,161,162,161,162,161,162,161,162,161,162,
177,178,177,178,177,178,177,178,177,161,162,161,162,161,162,161,162,161,162,161,162,161,162,161,162,161,162,161,162,161,162,161,162,178,177,178,177,178,177,178,177,178,177,178,177,178,177,178,177,178,
161,162,161,162,161,162,161,162,161,162,161,162,161,162,161,162,161,162,161,162,161,162,161,162,161,162,161,162,161,162,161,162,161,162,161,162,161,162,161,162,161,162,161,162,161,162,161,162,161,162,
177,178,177,178,177,178,177,178,177,178,177,178,177,178,177,178,177,178,177,178,177,178,177,178,177,178,177,178,177,178,177,178,177,178,177,178,177,178,177,178,177,178,177,178,177,178,177,178,177,178,
161,162,161,162,161,162,161,162,161,162,161,162,161,162,161,162,161,162,161,162,161,162,161,162,161,162,161,162,161,162,161,162,161,162,161,162,161,162,161,162,161,162,161,162,161,162,161,162,161,162,
177,178,177,178,177,178,177,178,177,178,177,178,177,178,177,178,177,178,177,178,177,178,177,178,177,178,177,178,177,178,177,178,177,178,177,178,177,178,177,178,177,178,177,178,177,178,177,178,177,178