854,854,854,854,854,854,854,854,854,854,854,854,854,854,854,854,854,854,854,854,854,854,854,854,854,854,854,854,854,854,854,854,854,854,854,854,854,854,854,854,854,854,854,854,854,854,854,854,636,636,
854,854,854,854,854,854,854,854,854,854,854,854,854,854,854,854,854,854,854,854,854,854,854,854,854,854,854,854,854,854,854,854,854,854,854,854,854,854,854,854,854,854,854,854,854,854,854,854,636,636,
854,854,854,854,854,854,854,854,854,854,854,854,854,854,854,854,854,854,854,854,854,854,854,854,854,854,854,854,854,854,854,854,854,854,854,854,854,854,854,854,854,854,854,854,854,854,854,854,636,636,
854,854,854,854,854,854,854,854,854,854,854,854,854,854,854,854,854,854,854,854,854,854,854,854,854,854,854,854,854,854,854,854,854,854,854,854,854,854,854,854,854,854,854,854,854,854,854,854,636,636,
854,854,854,854,854,854,854,854,854,854,854,854,854,854,854,854,854,854,854,854,854,854,854,854,854,854,854,854,854,854,854,854,854,854,854,854,854,854,854,854,854,854,854,854,854,854,854,854,636,636,
854,854,854,854,854,854,854,854,854,854,854,854,854,854,854,854,854,854,854,854,854,854,854,854,854,854,854,854,854,854,854,854,854,854,854,854,854,854,854,854,854,854,854,854,854,854,854,854,636,636,
854,854,854,854,854,854,854,854,854,854,854,854,854,854,854,854,854,854,854,854,854,854,854,854,854,854,854,854,854,854,854,854,854,854,854,854,854,854,854,854,854,854,854,854,854,854,854,854,636,636,
854,854,854,854,854,854,854,854,854,854,854,854,854,854,854,854,854,854,854,854,854,854,854,854,854,854,854,854,854,854,854,854,854,854,854,854,854,854,854,854,854,854,854,854,854,854,854,854,636,636,
854,854,854,854,854,854,854,854,854,854,854,854,854,854,854,854,854,854,854,854,854,854,854,854,854,854,854,854,854,854,854,854,854,854,854,854,854,854,854,854,854,854,854,854,854,854,854,854,636,636,
854,854,854,854,854,854,854,854,854,854,854,854,854,854,854,854,854,854,854,854,854,854,854,854,854,854,854,854,854,854,854,854,854,854,854,854,854,854,854,854,854,854,854,854,854,854,854,854,636,636,
854,854,854,854,854,854,854,854,854,854,854,854,854,854,854,854,854,854,854,854,854,854,854,854,854,854,854,854,854,854,854,854,854,854,854,854,854,854,854,854,854,854,854,854,854,854,854,854,636,636,
854,854,854,854,854,854,854,854,854,854,854,854,854,854,854,854,854,854,854,854,854,854,854,854,854,854,854,854,854,854,854,854,854,854,854,854,854,854,854,854,854,854,854,854,854,854,854,854,636,636,
854,854,854,854,854,854,854,854,854,854,854,854,854,854,854,854,854,854,854,854,854,854,854,854,854,854,854,854,854,854,854,854,854,854,854,854,854,854,854,854,854,854,854,854,854,854,854,854,636,636,
854,854,854,854,854,854,854,854,854,854,854,854,854,854,854,854,854,854,854,854,854,854,854,854,854,854,854,854,854,854,854,854,854,854,854,854,854,854,854,854,854,854,854,854,854,854,854,854,636,636,
854,854,854,854,854,854,854,854,854,854,854,854,854,854,854,854,854,854,854,854,854,854,854,854,854,854,854,854,854,854,854,854,854,854,854,854,854,854,854,854,854,854,854,854,854,854,854,854,636,636,
854,854,854,854,854,854,854,854,854,854,854,854,854,854,854,854,854,854,854,854,854,854,854,854,854,854,854,854,854,854,854,854,854,854,854,854,854,854,854,854,854,854,854,854,854,854,854,854,636,636,
854,854,854,854,854,854,854,854,854,854,854,854,854,854,854,854,854,854,854,854,854,854,854,854,854,854,854,854,854,854,854,854,854,854,854,854,854,854,854,854,854,854,854,854,854,854,854,854,636,636,
854,854,854,854,854,854,854,854,854,854,854,854,854,854,854,854,854,854,854,854,854,854,854,854,854,854,854,854,854,854,854,854,854,854,854,854,854,854,854,854,854,854,854,854,854,854,854,854,636,636,
854,854,854,854,854,854,854,854,854,854,854,854,854,854,854,854,854,854,854,854,854,854,854,854,854,854,854,854,854,854,854,854,854,854,854,854,854,854,854,854,854,854,854,854,854,854,854,854,636,636,
854,854,854,854,854,854,854,854,854,854,854,854,854,854,854,854,854,854,854,854,854,854,854,854,854,854,854,854,854,854,854,854,854,854,854,854,854,854,854,854,854,854,854,854,854,854,854,854,636,636,
854,854,854,854,854,854,854,854,854,854,854,854,854,854,854,854,854,854,854,854,854,854,854,854,854,854,854,854,854,854,854,854,854,854,854,854,854,854,854,854,854,854,854,854,854,854,854,854,636,636,
854,854,854,854,854,854,854,854,854,854,854,854,854,854,854,854,854,854,854,854,854,854,854,854,854,854,854,854,854,854,854,854,854,854,854,854,854,854,854,854,854,854,854,854,854,854,854,854,636,636,
854,854,854,854,854,854,854,854,854,854,854,854,854,854,854,854,854,854,854,854,854,854,854,854,854,854,854,854,854,854,854,854,854,854,854,854,854,854,854,854,854,854,854,854,854,854,854,854,636,636,
854,854,854,854,854,854,854,854,854,854,854,854,854,854,854,854,854,854,854,854,854,854,854,854,854,854,854,854,854,854,854,854,854,854,854,854,854,854,854,854,854,854,854,854,854,854,854,854,636,636,
854,854,854,854,854,854,854,854,854,854,854,854,854,854,854,854,854,854,854,854,854,854,854,854,854,854,854,854,854,854,854,854,854,854,854,854,854,854,854,854,854,854,854,854,854,854,854,854,636,636,
854,854,854,854,854,854,854,854,854,854,854,854,854,854,854,854,854,854,854,854,854,854,854,854,854,854,854,854,854,854,854,854,854,854,854,854,854,854,854,854,854,854,854,854,854,854,854,854,636,636,
854,854,854,854,854,854,854,854,854,854,854,854,854,854,854,854,854,854,854,854,854,854,854,854,854,854,854,854,854,854,854,854,854,854,854,854,854,854,854,854,854,854,854,854,854,854,854,854,636,636,
854,854,854,854,854,854,854,854,854,854,854,854,854,854,854,854,854,854,854,854,854,854,854,854,854,854,854,854,854,854,854,854,854,854,854,854,854,854,854,854,854,854,854,854,854,854,854,854,636,636,
854,854,854,854,854,854,854,854,854,854,854,854,854,854,854,854,854,854,854,854,854,854,854,854,854,854,854,854,854,854,854,854,854,854,854,854,854,854,854,854,854,854,854,854,854,854,854,854,636,636,
854,854,854,854,854,854,854,854,854,854,854,854,854,854,854,854,854,854,854,854,854,854,854,854,854,854,854,854,854,854,854,854,854,854,854,854,854,854,854,854,854,854,854,854,854,854,854,854,636,636,
854,854,854,854,854,854,854,854,854,854,854,854,854,854,854,854,854,854,854,854,854,854,854,854,854,854,854,854,854,854,854,854,854,854,854,854,854,854,854,854,854,854,854,854,854,854,854,854,636,636,
854,854,854,854,854,854,854,854,854,854,854,854,854,854,854,854,854,854,854,854,854,854,854,854,854,854,854,854,854,854,854,854,854,854,854,854,854,854,854,854,854,854,854,854,854,854,854,854,636,636,
854,854,854,854,854,854,854,854,854,854,854,854,854,854,854,854,854,854,854,854,854,854,854,854,854,854,854,854,854,854,854,854,854,854,854,854,854,854,854,854,854,854,854,854,854,854,854,854,636,636,
854,854,854,854,854,854,854,854,854,854,854,854,854,854,854,854,854,854,854,854,854,854,854,854,854,854,854,854,854,854,854,854,854,854,854,854,854,854,854,854,854,854,854,854,854,854,854,854,636,636,
854,854,854,854,854,854,854,854,854,854,854,854,854,854,854,854,854,854,854,854,854,854,854,854,854,854,854,854,854,854,854,854,854,854,854,854,854,854,854,854,854,854,854,854,854,854,854,854,636,636,
854,854,854,854,854,854,854,854,854,854,854,854,854,854,854,854,854,854,854,854,854,854,854,854,854,854,854,854,854,854,854,854,854,854,854,854,854,854,854,854,854,854,854,854,854,854,854,854,636,636,
854,854,854,854,854,854,854,854,854,854,854,854,854,854,854,854,854,854,854,854,854,854,854,854,854,854,854,854,854,854,854,854,854,854,854,854,854,854,854,854,854,854,854,854,854,854,854,854,636,636,
854,854,854,854,854,854,854,854,854,854,854,854,854,854,854,854,854,854,854,854,854,854,854,854,854,854,854,854,854,854,854,854,854,854,854,854,854,854,854,854,854,854,854,854,854,854,854,854,636,636,
854,854,854,854,854,854,854,854,854,854,854,854,854,854,854,854,854,854,854,854,854,854,854,854,854,854,854,854,854,854,854,854,854,854,854,854,854,854,854,854,854,854,854,854,854,854,854,854,636,636,
854,854,854,854,854,854,854,854,854,854,854,854,854,854,854,854,854,854,854,854,854,854,854,854,854,854,854,854,854,854,854,854,854,854,854,854,854,854,854,854,854,854,854,854,854,854,854,854,636,636,
854,854,854,854,854,854,854,854,854,854,854,854,854,854,854,854,854,854,854,854,854,854,854,854,854,854,854,854,854,854,854,854,854,854,854,854,854,854,854,854,854,854,854,854,854,854,854,854,636,636,
854,854,854,854,854,854,854,854,854,854,854,854,854,854,854,854,854,854,854,854,854,854,854,854,854,854,854,854,854,854,854,854,854,854,854,854,854,854,854,854,854,854,854,854,854,854,854,854,636,636,
854,854,854,854,854,854,854,854,854,854,854,854,854,854,854,854,854,854,854,854,854,854,854,854,854,854,854,854,854,854,854,854,854,854,854,854,854,854,854,854,854,854,854,854,854,854,854,854,636,636,
854,854,854,854,854,854,854,854,854,854,854,854,854,854,854,854,854,854,854,854,854,854,854,854,854,854,854,854,854,854,854,854,854,854,854,854,854,854,854,854,854,854,854,854,854,854,854,854,636,636,
854,854,854,854,854,854,854,854,854,854,854,854,854,854,854,854,854,854,854,854,854,854,854,854,854,854,854,854,854,854,854,854,854,854,854,854,854,854,854,854,854,854,854,854,854,854,854,854,636,636,
854,854,854,854,854,854,854,854,854,854,854,854,854,854,854,854,854,854,854,854,854,854,854,854,854,854,854,854,854,854,854,854,854,854,854,854,854,854,854,854,854,854,854,854,854,854,854,854,636,636,
854,854,854,854,854,854,854,854,854,854,854,854,854,854,854,854,854,854,854,854,854,854,854,854,854,854,854,854,854,854,854,854,854,854,854,854,854,854,854,854,854,854,854,854,854,854,854,854,636,636,
854,854,854,854,854,854,854,854,854,854,854,854,854,854,854,854,854,854,854,854,854,854,854,854,854,854,854,854,854,854,854,854,854,854,854,854,854,854,854,854,854,854,854,854,854,854,854,854,636,636,
854,854,854,854,854,854,854,854,854,854,854,854,854,854,854,854,854,854,854,854,854,854,854,854,854,854,854,854,854,854,854,854,854,854,854,854,854,854,854,854,854,854,854,854,854,854,854,854,636,636,
854,854,854,854,854,854,854,854,854,854,854,854,854,854,854,854,854,854,854,854,854,854,854,854,854,854,854,854,854,854,854,854,854,854,854,854,854,854,854,854,854,854,854,854,854,854,854,854,636,636,